$ 1 0.000005 5.934295036739208 50 5 43 5e-11
r 816 320 816 224 0 4
s 880 96 944 96 0 1 false
l 816 160 816 224 0 0.00039999999999999996 2.855561448503681e-7 0
f 880 96 816 96 33 1.5 0.02
r 880 32 880 96 0 10000
R 880 32 992 32 0 0 40 12 0 0 0.5
g 944 96 944 112 0 0
w 880 32 816 32 1
w 816 32 816 80 0
g 816 320 816 352 0 0
p 816 112 912 112 1 0 0
w 816 112 768 112 0
r 768 112 768 320 0 680
w 816 320 768 320 0
r 816 112 816 160 0 10
R 1072 96 1152 96 0 2 40 5 0 0 0.5
o 10 128 0 12547 80.29280141716481 0.0001 0 1
38 2 F1 0 0.01 1.01 -1 Inductance
38 0 F1 0 1 101 -1 Resistance
