$ 1 0.000005 129.55190008032017 50 5 43 5e-11
w 1136 528 1088 528 0
r 1088 320 1088 528 0 180
w 1136 320 1088 320 0
p 1136 528 1376 352 1 0 0
g 1136 560 1136 592 0 0
w 1136 240 1136 320 0
w 1200 240 1136 240 1
g 1216 608 1216 624 0 0
R 1200 240 1312 240 0 0 40 12 0 0 0.5
r 1216 544 1216 608 0 100000
l 1136 320 1136 432 0 0.00039999999999999996 2.8509972078415406e-7 0
r 1136 528 1136 432 0 4
f 1216 544 1136 544 32 3 0.2
R 1520 544 1632 544 0 0 40 5 0 0 0.5
r 1440 560 1392 560 0 100
w 1328 544 1216 544 1
R 1424 432 1536 432 0 0 40 12 0 0 0.5
g 1328 576 1328 656 0 0
w 1328 432 1328 464 1
w 1424 432 1328 432 0
g 1520 576 1520 608 0 0
S 1440 560 1520 560 0 0 false 0 2
r 1328 464 1328 544 0 10000
f 1392 560 1328 560 32 1.5 0.02
r 1392 560 1392 640 0 100000
g 1392 640 1392 688 0 0
r 1744 544 1744 448 0 4
l 1744 336 1744 448 0 0.00039999999999999996 2.999999999999991 0
R 1808 256 1920 256 0 0 40 12 0 0 0.5
w 1808 256 1744 256 1
w 1744 256 1744 336 0
g 1744 544 1744 592 0 0
o 3 128 0 12547 11.999998859601117 0.0001 0 1
